clusterID;selfID;representativenessValue;actualTime
1;358;0.0326473;16.4805
2;274;0.3066;16.4805
3;40;0.0176586;16.4805
4;15;0.168914;16.4805
5;186;0.0128223;16.4805
6;239;0.424414;16.4805
7;130;1.00005;16.4805
8;50;0.00851668;16.4805
9;139;0.0702626;16.4805
10;460;0.00567779;16.4805
11;192;0.00615093;16.4805
12;309;0.0170334;16.4805
13;199;0.0406908;16.4805
14;237;0.0425834;16.4805
15;152;0.0212917;16.4805
16;161;0.168914;16.4805
17;376;0.0225692;16.4805
18;63;0.0420765;16.4805
19;420;0.000473149;16.4805
20;305;0.00686066;16.4805
21;414;0.00496806;16.4805
22;268;0.0851668;16.4805
23;142;0.0212917;16.4805
24;266;0.0298084;16.4805
25;44;0.0134847;16.4805
26;417;0;16.4805
27;123;0.00993613;16.4805
28;373;0.00709723;16.4805
29;189;0.0283889;16.4805
30;327;0.00425834;16.4805
31;29;0.0184528;16.4805
32;213;0;16.4805
33;207;0.0172699;16.4805
34;55;0.00283889;16.4805
35;39;0.00425834;16.4805
1;5;1;31.4805
2;274;0.00515462;31.4805
3;151;0.0111207;31.4805
4;407;0.00871794;31.4805
5;1;0.00828153;31.4805
6;471;0.00634102;31.4805
7;177;0.00199819;31.4805
8;307;0.000222302;31.4805
1;537;0.0323026;46.4805
2;247;1;46.4805
3;54;0.0808806;46.4805
4;566;0.0217823;46.4805
5;362;0.0370203;46.4805
6;415;0.000265869;46.4805
7;90;0.000496004;46.4805
1;166;1;61.4805
2;198;0.0147203;61.4805
3;564;0.000186659;61.4805
4;647;0.00248752;61.4805
5;597;0.000216343;61.4805
6;362;0.00202687;61.4805
1;21;0.0126065;76.4805
2;166;1;76.4805
3;229;0.0121417;76.4805
4;138;0.897429;76.4805
5;521;0.0877906;76.4805
6;429;0.00228474;76.4805
7;297;0.00339525;76.4805
8;370;5.87601e-05;76.4805
1;275;1;91.4805
2;296;0.00158512;91.4805
3;647;0.00122451;91.4805
4;297;0.00166994;91.4805
5;429;0.00112488;91.4805
6;436;8.39072e-05;91.4805
1;561;0.00223228;106.48
2;690;0.142964;106.48
3;275;1;106.48
4;570;0.433595;106.48
5;155;0.166252;106.48
6;138;0.441832;106.48
7;728;0.00353631;106.48
8;112;0.000345715;106.48
9;600;0.0630172;106.48
10;296;0.00158495;106.48
11;429;0.00112535;106.48
12;726;0.0626489;106.48
13;229;0.00597141;106.48
1;447;0.35979;121.48
2;275;1;121.48
3;261;0.0371207;121.48
4;119;0.00384644;121.48
5;223;0.00662588;121.48
6;157;0.000373244;121.48
7;75;0.0798397;121.48
1;233;0.752325;136.48
2;145;0.235194;136.48
3;275;1;136.48
4;598;0.123308;136.48
5;36;0.0770284;136.48
6;143;0.004058;136.48
7;712;0.0452769;136.48
8;13;0.560019;136.48
9;75;0.0798342;136.48
10;119;0.00384617;136.48
11;157;0.000373244;136.48
12;636;0.0886022;136.48
13;376;0.0336967;136.48
1;451;0.941218;151.48
2;233;0.752325;151.48
3;145;0.235194;151.48
4;275;1;151.48
5;767;0.024927;151.48
6;103;0.0274187;151.48
7;12;0.12438;151.48
8;668;0.0528544;151.48
9;75;0.0798342;151.48
10;606;0.120049;151.48
11;604;0.0684011;151.48
12;600;0.0619013;151.48
13;561;0.002179;151.48
14;523;0.0086738;151.48
15;162;0.145462;151.48
1;451;0.941316;166.48
2;233;0.752325;166.48
3;686;0.130119;166.48
4;275;1;166.48
5;606;0.120049;166.48
6;536;0.788383;166.48
7;138;0.494433;166.48
8;668;0.0528544;166.48
9;75;0.0798342;166.48
10;561;0.00217914;166.48
11;203;0.0304498;166.48
12;185;0.00315587;166.48
13;162;0.145462;166.48
14;764;0.0586452;166.48
15;109;0.0620771;166.48
1;275;1;181.48
2;233;0.75231;181.48
3;686;0.130118;181.48
4;101;0.476168;181.48
5;536;0.788371;181.48
6;299;0.501362;181.48
7;374;0.117374;181.48
8;36;0.0770371;181.48
9;499;0.00160212;181.48
10;185;0.00315596;181.48
11;162;0.145459;181.48
1;275;1;196.48
2;686;0.13009;196.48
3;233;0.752139;196.48
4;101;0.476059;196.48
5;175;0.472638;196.48
6;749;0.367234;196.48
7;299;0.501247;196.48
8;138;0.494462;196.48
9;536;0.788191;196.48
10;327;0.0181725;196.48
11;162;0.145426;196.48
12;410;0.0265028;196.48
13;285;0.216763;196.48
1;275;1;211.48
2;614;0.227243;211.48
3;42;0.221762;211.48
4;534;0.559344;211.48
5;155;0.162808;211.48
6;233;0.751972;211.48
7;303;0.0282779;211.48
8;749;0.367153;211.48
9;101;0.475954;211.48
10;663;0.0651972;211.48
11;747;0.137075;211.48
12;577;0.0872267;211.48
13;628;0.0196008;211.48
14;196;0.00366966;211.48
1;0;0.145819;226.48
2;686;0.130061;226.48
3;534;0.559339;226.48
4;155;0.162808;226.48
5;138;0.494666;226.48
6;717;0.165232;226.48
7;175;0.472553;226.48
8;275;1;226.48
9;101;0.475949;226.48
10;562;0.415234;226.48
11;775;0.0923018;226.48
12;347;0.214731;226.48
13;371;0.544262;226.48
14;162;0.145395;226.48
15;429;0.00110822;226.48
16;264;0.0323665;226.48
1;175;0.472551;241.48
2;686;0.130061;241.48
3;534;0.559338;241.48
4;643;0.14995;241.48
5;138;0.494664;241.48
6;339;0.231382;241.48
7;275;1;241.48
8;103;0.0279252;241.48
9;70;0.213892;241.48
10;299;0.501698;241.48
11;577;0.0872254;241.48
12;573;0.00203504;241.48
13;34;0.00937787;241.48
14;371;0.54426;241.48
15;142;0.00906812;241.48
16;162;0.145395;241.48
17;429;0.00110852;241.48
18;264;0.0323664;241.48
1;534;0.559336;256.48
2;219;0.314052;256.48
3;791;0.398762;256.48
4;275;1;256.48
5;103;0.0279251;256.48
6;70;0.213892;256.48
7;138;0.494662;256.48
8;717;0.16523;256.48
9;371;0.544259;256.48
10;143;0.00442337;256.48
11;362;0.00101156;256.48
12;162;0.145394;256.48
13;429;0.00110882;256.48
14;264;0.0323662;256.48
1;385;0.806696;271.48
2;155;0.162816;271.48
3;534;0.559335;271.48
4;791;0.398761;271.48
5;175;0.472552;271.48
6;668;0.0528296;271.48
7;686;0.130069;271.48
8;618;0.127279;271.48
9;275;1;271.48
10;451;0.941369;271.48
11;103;0.027925;271.48
12;70;0.213893;271.48
13;759;0.0142863;271.48
14;724;0.0883043;271.48
15;717;0.16523;271.48
16;138;0.494661;271.48
17;371;0.54426;271.48
18;356;0.116383;271.48
19;429;0.00110882;271.48
20;264;0.0323662;271.48
1;534;0.559336;286.48
2;791;0.398761;286.48
3;686;0.130069;286.48
4;618;0.127279;286.48
5;275;1;286.48
6;626;0.890476;286.48
7;175;0.472552;286.48
8;385;0.806696;286.48
9;138;0.494661;286.48
10;143;0.0044257;286.48
11;371;0.544261;286.48
12;717;0.16523;286.48
13;504;0.122174;286.48
14;264;0.0323662;286.48
1;155;0.162821;301.48
2;275;1;301.48
3;686;0.130068;301.48
4;276;0.147953;301.48
5;626;0.890471;301.48
6;70;0.213894;301.48
7;175;0.47255;301.48
8;542;0.0230192;301.48
9;162;0.145394;301.48
10;504;0.122173;301.48
11;138;0.494658;301.48
12;426;0.0301768;301.48
13;104;0.00276286;301.48
14;114;0.0947172;301.48
15;371;0.544258;301.48
16;451;0.941364;301.48
1;155;0.16282;316.48
2;275;1;316.48
3;678;0.0618475;316.48
4;276;0.147952;316.48
5;175;0.472546;316.48
6;299;0.50172;316.48
7;180;0.426765;316.48
8;704;0.0307799;316.48
9;138;0.494656;316.48
10;362;0.00102649;316.48
11;371;0.544254;316.48
12;446;0.0118868;316.48
13;451;0.941357;316.48
14;178;0.283447;316.48
1;275;1;331.48
2;222;0.396892;331.48
3;175;0.47253;331.48
4;336;0.272157;331.48
5;138;0.49464;331.48
6;349;0.000463499;331.48
7;414;0.000177799;331.48
8;293;0.000360784;331.48
1;275;1;346.48
2;776;0.00446658;346.48
3;175;0.472529;346.48
4;138;0.494639;346.48
5;371;0.544234;346.48
1;275;1;361.48
2;618;0.127276;361.48
3;175;0.472526;361.48
4;276;0.147946;361.48
5;138;0.494637;361.48
6;264;0.0323645;361.48
7;371;0.544231;361.48
8;140;0.156178;361.48
1;275;1;376.48
2;796;0.0218715;376.48
3;304;0.00370398;376.48
4;703;0.217583;376.48
5;371;0.544231;376.48
6;419;0.0418089;376.48
7;138;0.494636;376.48
1;700;0.329071;391.48
2;275;1;391.48
3;175;0.472558;391.48
4;644;0.491282;391.48
5;70;0.213884;391.48
6;138;0.494635;391.48
1;275;1;406.48
2;570;0.448699;406.48
3;175;0.472557;406.48
4;70;0.213883;406.48
1;275;1;421.48
2;686;0.130184;421.48
3;138;0.494633;421.48
1;571;0.84907;436.48
2;403;0.193931;436.48
3;677;0.310267;436.48
1;80;0.137815;451.48
2;403;0.193931;451.48
3;571;0.84907;451.48
